# charge pdf
0.00 3.638341e-01
0.01 3.643083e-01
0.02 3.647334e-01
0.03 3.651116e-01
0.04 3.654453e-01
0.05 3.657369e-01
0.06 3.659891e-01
0.07 3.662047e-01
0.08 3.663867e-01
0.09 3.665382e-01
0.10 3.666625e-01
0.11 3.667633e-01
0.12 3.668442e-01
0.13 3.669091e-01
0.14 3.669619e-01
0.15 3.670069e-01
0.16 3.670486e-01
0.17 3.670914e-01
0.18 3.671402e-01
0.19 3.671997e-01
0.20 3.672751e-01
0.21 3.673716e-01
0.22 3.674946e-01
0.23 3.676495e-01
0.24 3.678420e-01
0.25 3.680779e-01
0.26 3.683631e-01
0.27 3.687037e-01
0.28 3.691057e-01
0.29 3.695754e-01
0.30 3.701190e-01
0.31 3.707430e-01
0.32 3.714538e-01
0.33 3.722578e-01
0.34 3.731616e-01
0.35 3.741715e-01
0.36 3.752942e-01
0.37 3.765361e-01
0.38 3.779035e-01
0.39 3.794029e-01
0.40 3.810405e-01
0.41 3.828225e-01
0.42 3.847549e-01
0.43 3.868436e-01
0.44 3.890943e-01
0.45 3.915126e-01
0.46 3.941036e-01
0.47 3.968724e-01
0.48 3.998239e-01
0.49 4.029624e-01
0.50 4.062922e-01
0.51 4.098171e-01
0.52 4.135404e-01
0.53 4.174653e-01
0.54 4.215942e-01
0.55 4.259295e-01
0.56 4.304728e-01
0.57 4.352252e-01
0.58 4.401876e-01
0.59 4.453600e-01
0.60 4.507421e-01
0.61 4.563328e-01
0.62 4.621305e-01
0.63 4.681332e-01
0.64 4.743379e-01
0.65 4.807412e-01
0.66 4.873390e-01
0.67 4.941264e-01
0.68 5.010981e-01
0.69 5.082479e-01
0.70 5.155690e-01
0.71 5.230538e-01
0.72 5.306943e-01
0.73 5.384815e-01
0.74 5.464058e-01
0.75 5.544572e-01
0.76 5.626247e-01
0.77 5.708968e-01
0.78 5.792613e-01
0.79 5.877057e-01
0.80 5.962164e-01
0.81 6.047797e-01
0.82 6.133811e-01
0.83 6.220057e-01
0.84 6.306380e-01
0.85 6.392623e-01
0.86 6.478623e-01
0.87 6.564214e-01
0.88 6.649227e-01
0.89 6.733489e-01
0.90 6.816826e-01
0.91 6.899062e-01
0.92 6.980019e-01
0.93 7.059518e-01
0.94 7.137381e-01
0.95 7.213428e-01
0.96 7.287483e-01
0.97 7.359367e-01
0.98 7.428905e-01
0.99 7.495926e-01
1.00 7.560258e-01
1.01 7.621736e-01
1.02 7.680196e-01
1.03 7.735481e-01
1.04 7.787438e-01
1.05 7.835918e-01
1.06 7.880780e-01
1.07 7.921890e-01
1.08 7.959118e-01
1.09 7.992344e-01
1.10 8.021455e-01
1.11 8.046346e-01
1.12 8.066920e-01
1.13 8.083091e-01
1.14 8.094780e-01
1.15 8.101918e-01
1.16 8.104446e-01
1.17 8.102315e-01
1.18 8.095487e-01
1.19 8.083932e-01
1.20 8.067633e-01
1.21 8.046581e-01
1.22 8.020778e-01
1.23 7.990239e-01
1.24 7.954985e-01
1.25 7.915052e-01
1.26 7.870483e-01
1.27 7.821332e-01
1.28 7.767663e-01
1.29 7.709550e-01
1.30 7.647075e-01
1.31 7.580331e-01
1.32 7.509418e-01
1.33 7.434447e-01
1.34 7.355534e-01
1.35 7.272805e-01
1.36 7.186392e-01
1.37 7.096434e-01
1.38 7.003076e-01
1.39 6.906472e-01
1.40 6.806776e-01
1.41 6.704152e-01
1.42 6.598764e-01
1.43 6.490784e-01
1.44 6.380384e-01
1.45 6.267740e-01
1.46 6.153031e-01
1.47 6.036436e-01
1.48 5.918136e-01
1.49 5.798314e-01
1.50 5.677150e-01
1.51 5.554827e-01
1.52 5.431525e-01
1.53 5.307423e-01
1.54 5.182698e-01
1.55 5.057526e-01
1.56 4.932077e-01
1.57 4.806522e-01
1.58 4.681026e-01
1.59 4.555750e-01
1.60 4.430852e-01
1.61 4.306483e-01
1.62 4.182793e-01
1.63 4.059922e-01
1.64 3.938009e-01
1.65 3.817184e-01
1.66 3.697573e-01
1.67 3.579295e-01
1.68 3.462464e-01
1.69 3.347186e-01
1.70 3.233562e-01
1.71 3.121685e-01
1.72 3.011644e-01
1.73 2.903519e-01
1.74 2.797384e-01
1.75 2.693307e-01
1.76 2.591350e-01
1.77 2.491567e-01
1.78 2.394006e-01
1.79 2.298711e-01
1.80 2.205717e-01
1.81 2.115054e-01
1.82 2.026747e-01
1.83 1.940814e-01
1.84 1.857270e-01
1.85 1.776121e-01
1.86 1.697371e-01
1.87 1.621017e-01
1.88 1.547054e-01
1.89 1.475470e-01
1.90 1.406249e-01
1.91 1.339372e-01
1.92 1.274817e-01
1.93 1.212557e-01
1.94 1.152561e-01
1.95 1.094798e-01
1.96 1.039231e-01
1.97 9.858230e-02
1.98 9.345325e-02
1.99 8.853172e-02
2.00 8.381326e-02
2.01 7.929323e-02
2.02 7.496689e-02
2.03 7.082934e-02
2.04 6.687558e-02
2.05 6.310053e-02
2.06 5.949904e-02
2.07 5.606590e-02
2.08 5.279588e-02
2.09 4.968373e-02
2.10 4.672419e-02
2.11 4.391201e-02
2.12 4.124196e-02
2.13 3.870887e-02
2.14 3.630759e-02
2.15 3.403304e-02
2.16 3.188022e-02
2.17 2.984418e-02
2.18 2.792008e-02
2.19 2.610316e-02
2.20 2.438878e-02
2.21 2.277236e-02
2.22 2.124948e-02
2.23 1.981581e-02
2.24 1.846714e-02
2.25 1.719938e-02
2.26 1.600856e-02
2.27 1.489085e-02
2.28 1.384254e-02
2.29 1.286005e-02
2.30 1.193991e-02
2.31 1.107880e-02
2.32 1.027351e-02
2.33 9.520985e-03
2.34 8.818260e-03
2.35 8.162512e-03
2.36 7.551037e-03
2.37 6.981249e-03
2.38 6.450681e-03
2.39 5.956980e-03
2.40 5.497902e-03
2.41 5.071315e-03
2.42 4.675193e-03
2.43 4.307610e-03
2.44 3.966741e-03
2.45 3.650858e-03
2.46 3.358325e-03
2.47 3.087594e-03
2.48 2.837206e-03
2.49 2.605783e-03
2.50 2.392025e-03
2.51 2.194712e-03
2.52 2.012692e-03
2.53 1.844886e-03
2.54 1.690279e-03
2.55 1.547920e-03
2.56 1.416918e-03
2.57 1.296438e-03
2.58 1.185701e-03
2.59 1.083977e-03
2.60 9.905855e-04
2.61 9.048927e-04
2.62 8.263069e-04
2.63 7.542774e-04
2.64 6.882923e-04
2.65 6.278756e-04
2.66 5.725852e-04
2.67 5.220113e-04
2.68 4.757737e-04
2.69 4.335203e-04
2.70 3.949254e-04
2.71 3.596876e-04
2.72 3.275286e-04
2.73 2.981913e-04
2.74 2.714386e-04
2.75 2.470520e-04
2.76 2.248302e-04
2.77 2.045878e-04
2.78 1.861544e-04
2.79 1.693734e-04
2.80 1.541010e-04
2.81 1.402052e-04
2.82 1.275648e-04
2.83 1.160689e-04
2.84 1.056160e-04
2.85 9.611297e-05
2.86 8.747480e-05
2.87 7.962371e-05
2.88 7.248869e-05
2.89 6.600487e-05
2.90 6.011309e-05
2.91 5.475938e-05
2.92 4.989458e-05
2.93 4.547387e-05
2.94 4.145648e-05
2.95 3.780528e-05
2.96 3.448652e-05
2.97 3.146950e-05
2.98 2.872633e-05
2.99 2.623166e-05
3.00 2.396250e-05
