3232.5 201 3.801047295262732
3236.5 200 3.801047295262732
3240.5 199 3.801047295262732
3244.5 199 3.801047295262732
3248.5 199 3.801047295262732
3252.5 200 3.801047295262732
3256.5 200 3.801047295262732
3260.5 199 3.801047295262732
3264.5 199 3.801047295262732
3268.5 199 3.801047295262732
3272.5 199 3.801047295262732
3276.5 200 3.801047295262732
3280.5 199 3.801047295262732
3284.5 199 3.801047295262732
3288.5 200 3.801047295262732
3292.5 199 3.801047295262732
3296.5 200 3.801047295262732
3300.5 199 3.801047295262732
3304.5 200 3.801047295262732
3308.5 199 3.801047295262732
3312.5 199 3.801047295262732
3316.5 199 3.801047295262732
3320.5 199 3.801047295262732
3324.5 200 3.801047295262732
3328.5 199 3.801047295262732
3332.5 199 3.801047295262732
3336.5 200 3.801047295262732
3340.5 200 3.801047295262732
3344.5 200 3.801047295262732
3348.5 200 3.801047295262732
3352.5 200 3.801047295262732
3356.5 200 3.801047295262732
3360.5 198 3.801047295262732
3364.5 199 3.801047295262732
3368.5 199 3.801047295262732
