35786.8 199 1.139867695313107
35790.8 200 1.139867695313107
35794.8 200 1.139867695313107
35798.8 199 1.139867695313107
35802.8 200 1.139867695313107
35806.8 199 1.139867695313107
35810.8 200 1.139867695313107
35814.8 200 1.139867695313107
35818.8 201 1.139867695313107
35822.8 199 1.139867695313107
35826.8 201 1.139867695313107
35830.8 200 1.139867695313107
35834.8 200 1.139867695313107
35838.8 199 1.139867695313107
35842.8 198 1.139867695313107
35846.8 199 1.139867695313107
35850.8 199 1.139867695313107
35854.8 198 1.139867695313107
35858.8 200 1.139867695313107
35862.8 200 1.139867695313107
35866.8 199 1.139867695313107
35870.8 200 1.139867695313107
35874.8 201 1.139867695313107
35878.8 198 1.139867695313107
35882.8 199 1.139867695313107
35886.8 198 1.139867695313107
35890.8 199 1.139867695313107
35894.8 198 1.139867695313107
35898.8 201 1.139867695313107
35902.8 199 1.139867695313107
35906.8 200 1.139867695313107
35910.8 198 1.139867695313107
35914.8 200 1.139867695313107
35918.8 200 1.139867695313107
35922.8 200 1.139867695313107
35926.8 200 1.139867695313107
35930.8 201 1.139867695313107
35934.8 199 1.139867695313107
35938.8 199 1.139867695313107
35942.8 199 1.139867695313107
35946.8 199 1.139867695313107
35950.8 199 1.139867695313107
35954.8 200 1.139867695313107
35958.8 197 1.139867695313107
35962.8 200 1.139867695313107
35966.8 199 1.139867695313107
35970.8 199 1.139867695313107
35974.8 199 1.139867695313107
35978.8 200 1.139867695313107
35982.8 199 1.139867695313107
35986.8 201 1.139867695313107
35990.8 199 1.139867695313107
35994.8 198 1.139867695313107
35998.8 199 1.139867695313107
36002.8 200 1.139867695313107
36006.8 199 1.139867695313107
36010.8 198 1.139867695313107
36014.8 198 1.139867695313107
36018.8 199 1.139867695313107
36022.8 198 1.139867695313107
36026.8 200 1.139867695313107
36030.8 200 1.139867695313107
36034.8 199 1.139867695313107
36038.8 199 1.139867695313107
36042.8 199 1.139867695313107
36046.8 199 1.139867695313107
36050.8 199 1.139867695313107
36054.8 199 1.139867695313107
36058.8 200 1.139867695313107
36062.8 198 1.139867695313107
36066.8 199 1.139867695313107
36070.8 200 1.139867695313107
36074.8 199 1.139867695313107
36078.8 200 1.139867695313107
36082.8 199 1.139867695313107
36086.8 199 1.139867695313107
36090.8 200 1.139867695313107
36094.8 199 1.139867695313107
36098.8 200 1.139867695313107
36102.8 199 1.139867695313107
36106.8 201 1.139867695313107
36110.8 199 1.139867695313107
36114.8 200 1.139867695313107
36118.8 199 1.139867695313107
36122.8 198 1.139867695313107
36126.8 200 1.139867695313107
36130.8 198 1.139867695313107
36134.8 199 1.139867695313107
36138.8 200 1.139867695313107
36142.8 198 1.139867695313107
36146.8 199 1.139867695313107
36150.8 199 1.139867695313107
36154.8 200 1.139867695313107
36158.8 200 1.139867695313107
36162.8 200 1.139867695313107
36166.8 199 1.139867695313107
36170.8 200 1.139867695313107
36174.8 201 1.139867695313107
36178.8 200 1.139867695313107
36182.8 200 1.139867695313107
36186.8 199 1.139867695313107
36190.8 199 1.139867695313107
36194.8 199 1.139867695313107
36198.8 199 1.139867695313107
36202.8 200 1.139867695313107
36206.8 200 1.139867695313107
36210.8 200 1.139867695313107
36214.8 199 1.139867695313107
36218.8 199 1.139867695313107
36222.8 199 1.139867695313107
36226.8 200 1.139867695313107
36230.8 201 1.139867695313107
36234.8 199 1.139867695313107
36238.8 199 1.139867695313107
36242.8 199 1.139867695313107
36246.8 200 1.139867695313107
36250.8 200 1.139867695313107
36254.8 198 1.139867695313107
36258.8 200 1.139867695313107
36262.8 198 1.139867695313107
36266.8 201 1.139867695313107
36270.8 199 1.139867695313107
36274.8 200 1.139867695313107
36278.8 200 1.139867695313107
36282.8 198 1.139867695313107
36286.8 199 1.139867695313107
36290.8 200 1.139867695313107
36294.8 199 1.139867695313107
36298.8 198 1.139867695313107
36302.8 200 1.139867695313107
36306.8 200 1.139867695313107
36310.8 200 1.139867695313107
36314.8 199 1.139867695313107
36318.8 200 1.139867695313107
36322.8 199 1.139867695313107
36326.8 199 1.139867695313107
36330.8 200 1.139867695313107
36334.8 198 1.139867695313107
36338.8 201 1.139867695313107
36342.8 199 1.139867695313107
36346.8 199 1.139867695313107
36350.8 200 1.139867695313107
36354.8 199 1.139867695313107
36358.8 199 1.139867695313107
36362.8 197 1.139867695313107
36366.8 199 1.139867695313107
36370.8 199 1.139867695313107
36374.8 200 1.139867695313107
36378.8 199 1.139867695313107
36382.8 200 1.139867695313107
36386.8 198 1.139867695313107
36390.8 199 1.139867695313107
36394.8 200 1.139867695313107
36398.8 198 1.139867695313107
36402.8 200 1.139867695313107
36406.8 199 1.139867695313107
36410.8 200 1.139867695313107
36414.8 200 1.139867695313107
36418.8 199 1.139867695313107
36422.8 199 1.139867695313107
36426.8 199 1.139867695313107
36430.8 198 1.139867695313107
36434.8 199 1.139867695313107
36438.8 200 1.139867695313107
36442.8 201 1.139867695313107
36446.8 199 1.139867695313107
36450.8 199 1.139867695313107
36454.8 201 1.139867695313107
36458.8 200 1.139867695313107
36462.8 199 1.139867695313107
36466.8 199 1.139867695313107
36470.8 199 1.139867695313107
36474.8 201 1.139867695313107
36478.8 201 1.139867695313107
36482.8 201 1.139867695313107
36486.8 200 1.139867695313107
36490.8 200 1.139867695313107
36494.8 199 1.139867695313107
36498.8 200 1.139867695313107
36502.8 200 1.139867695313107
36506.8 198 1.139867695313107
36510.8 201 1.139867695313107
36514.8 198 1.139867695313107
36518.8 199 1.139867695313107
36522.8 199 1.139867695313107
36526.8 199 1.139867695313107
36530.8 200 1.139867695313107
36534.8 200 1.139867695313107
36538.8 200 1.139867695313107
36542.8 200 1.139867695313107
36546.8 200 1.139867695313107
36550.8 199 1.139867695313107
36554.8 198 1.139867695313107
36558.8 199 1.139867695313107
36562.8 200 1.139867695313107
36566.8 200 1.139867695313107
36570.8 201 1.139867695313107
36574.8 199 1.139867695313107
36578.8 198 1.139867695313107
36582.8 201 1.139867695313107
36586.8 198 1.139867695313107
36590.8 200 1.139867695313107
36594.8 200 1.139867695313107
36598.8 200 1.139867695313107
36602.8 199 1.139867695313107
36606.8 201 1.139867695313107
36610.8 200 1.139867695313107
36614.8 201 1.139867695313107
36618.8 200 1.139867695313107
36622.8 199 1.139867695313107
36626.8 199 1.139867695313107
36630.8 201 1.139867695313107
36634.8 199 1.139867695313107
36638.8 200 1.139867695313107
36642.8 200 1.139867695313107
36646.8 199 1.139867695313107
36650.8 200 1.139867695313107
36654.8 199 1.139867695313107
36658.8 199 1.139867695313107
36662.8 200 1.139867695313107
36666.8 201 1.139867695313107
36670.8 200 1.139867695313107
36674.8 199 1.139867695313107
36678.8 198 1.139867695313107
36682.8 199 1.139867695313107
36686.8 200 1.139867695313107
36690.8 200 1.139867695313107
36694.8 200 1.139867695313107
36698.8 201 1.139867695313107
36702.8 200 1.139867695313107
36706.8 200 1.139867695313107
36710.8 201 1.139867695313107
36714.8 199 1.139867695313107
36718.8 199 1.139867695313107
36722.8 200 1.139867695313107
36726.8 200 1.139867695313107
36730.8 200 1.139867695313107
36734.8 199 1.139867695313107
36738.8 198 1.139867695313107
36742.8 198 1.139867695313107
36746.8 199 1.139867695313107
36750.8 198 1.139867695313107
36754.8 199 1.139867695313107
36758.8 199 1.139867695313107
36762.8 199 1.139867695313107
36766.8 201 1.139867695313107
36770.8 198 1.139867695313107
36774.8 200 1.139867695313107
36778.8 200 1.139867695313107
36782.8 200 1.139867695313107
36786.8 199 1.139867695313107
36790.8 198 1.139867695313107
36794.8 200 1.139867695313107
36798.8 201 1.139867695313107
36802.8 201 1.139867695313107
36806.8 199 1.139867695313107
36810.8 199 1.139867695313107
36814.8 198 1.139867695313107
36818.8 199 1.139867695313107
36822.8 199 1.139867695313107
36826.8 199 1.139867695313107
36830.8 200 1.139867695313107
36834.8 199 1.139867695313107
36838.8 200 1.139867695313107
36842.8 200 1.139867695313107
36846.8 199 1.139867695313107
36850.8 200 1.139867695313107
36854.8 199 1.139867695313107
36858.8 198 1.139867695313107
36862.8 199 1.139867695313107
36866.8 200 1.139867695313107
36870.8 198 1.139867695313107
36874.8 199 1.139867695313107
36878.8 199 1.139867695313107
36882.8 199 1.139867695313107
36886.8 198 1.139867695313107
36890.8 199 1.139867695313107
36894.8 200 1.139867695313107
36898.8 200 1.139867695313107
36902.8 201 1.139867695313107
36906.8 199 1.139867695313107
36910.8 201 1.139867695313107
36914.8 199 1.139867695313107
36918.8 198 1.139867695313107
36922.8 199 1.139867695313107
36926.8 200 1.139867695313107
36930.8 199 1.139867695313107
36934.8 199 1.139867695313107
36938.8 199 1.139867695313107
36942.8 199 1.139867695313107
36946.8 198 1.139867695313107
36950.8 199 1.139867695313107
36954.8 199 1.139867695313107
36958.8 198 1.139867695313107
36962.8 200 1.139867695313107
36966.8 200 1.139867695313107
36970.8 202 1.139867695313107
36974.8 199 1.139867695313107
36978.8 201 1.139867695313107
36982.8 199 1.139867695313107
36986.8 200 1.139867695313107
36990.8 200 1.139867695313107
36994.8 200 1.139867695313107
36998.8 198 1.139867695313107
37002.8 199 1.139867695313107
37006.8 200 1.139867695313107
37010.8 199 1.139867695313107
37014.8 200 1.139867695313107
37018.8 201 1.139867695313107
37022.8 200 1.139867695313107
37026.8 200 1.139867695313107
37030.8 199 1.139867695313107
37034.8 199 1.139867695313107
37038.8 199 1.139867695313107
37042.8 200 1.139867695313107
37046.8 201 1.139867695313107
37050.8 198 1.139867695313107
37054.8 199 1.139867695313107
37058.8 199 1.139867695313107
37062.8 200 1.139867695313107
37066.8 199 1.139867695313107
37070.8 200 1.139867695313107
37074.8 200 1.139867695313107
37078.8 199 1.139867695313107
37082.8 200 1.139867695313107
37086.8 199 1.139867695313107
37090.8 200 1.139867695313107
37094.8 201 1.139867695313107
37098.8 200 1.139867695313107
37102.8 200 1.139867695313107
37106.8 200 1.139867695313107
37110.8 201 1.139867695313107
37114.8 200 1.139867695313107
37118.8 200 1.139867695313107
37122.8 201 1.139867695313107
37126.8 199 1.139867695313107
37130.8 200 1.139867695313107
37134.8 199 1.139867695313107
37138.8 198 1.139867695313107
37142.8 201 1.139867695313107
37146.8 199 1.139867695313107
37150.8 199 1.139867695313107
37154.8 200 1.139867695313107
37158.8 200 1.139867695313107
37162.8 200 1.139867695313107
37166.8 200 1.139867695313107
37170.8 199 1.139867695313107
37174.8 198 1.139867695313107
37178.8 200 1.139867695313107
37182.8 200 1.139867695313107
37186.8 198 1.139867695313107
37190.8 200 1.139867695313107
37194.8 200 1.139867695313107
37198.8 199 1.139867695313107
37202.8 199 1.139867695313107
37206.8 198 1.139867695313107
37210.8 200 1.139867695313107
37214.8 199 1.139867695313107
37218.8 199 1.139867695313107
37222.8 199 1.139867695313107
37226.8 199 1.139867695313107
37230.8 199 1.139867695313107
37234.8 199 1.139867695313107
37238.8 200 1.139867695313107
37242.8 199 1.139867695313107
37246.8 199 1.139867695313107
37250.8 200 1.139867695313107
37254.8 200 1.139867695313107
37258.8 199 1.139867695313107
37262.8 199 1.139867695313107
37266.8 200 1.139867695313107
37270.8 198 1.139867695313107
37274.8 199 1.139867695313107
37278.8 200 1.139867695313107
37282.8 201 1.139867695313107
37286.8 200 1.139867695313107
37290.8 200 1.139867695313107
37294.8 201 1.139867695313107
37298.8 199 1.139867695313107
37302.8 200 1.139867695313107
37306.8 199 1.139867695313107
37310.8 199 1.139867695313107
37314.8 200 1.139867695313107
37318.8 200 1.139867695313107
37322.8 200 1.139867695313107
37326.8 201 1.139867695313107
37330.8 199 1.139867695313107
37334.8 201 1.139867695313107
37338.8 199 1.139867695313107
37342.8 198 1.139867695313107
37346.8 199 1.139867695313107
37350.8 200 1.139867695313107
37354.8 199 1.139867695313107
37358.8 200 1.139867695313107
37362.8 200 1.139867695313107
37366.8 199 1.139867695313107
37370.8 200 1.139867695313107
37374.8 200 1.139867695313107
37378.8 199 1.139867695313107
37382.8 199 1.139867695313107
37386.8 199 1.139867695313107
37390.8 199 1.139867695313107
37394.8 199 1.139867695313107
37398.8 200 1.139867695313107
37402.8 200 1.139867695313107
37406.8 199 1.139867695313107
37410.8 199 1.139867695313107
37414.8 199 1.139867695313107
37418.8 200 1.139867695313107
37422.8 199 1.139867695313107
37426.8 200 1.139867695313107
37430.8 198 1.139867695313107
37434.8 200 1.139867695313107
37438.8 198 1.139867695313107
37442.8 200 1.139867695313107
37446.8 198 1.139867695313107
37450.8 199 1.139867695313107
37454.8 200 1.139867695313107
37458.8 201 1.139867695313107
37462.8 199 1.139867695313107
37466.8 200 1.139867695313107
37470.8 198 1.139867695313107
37474.8 198 1.139867695313107
37478.8 199 1.139867695313107
37482.8 200 1.139867695313107
37486.8 200 1.139867695313107
37490.8 200 1.139867695313107
37494.8 200 1.139867695313107
37498.8 199 1.139867695313107
37502.8 199 1.139867695313107
37506.8 200 1.139867695313107
37510.8 198 1.139867695313107
37514.8 200 1.139867695313107
37518.8 198 1.139867695313107
37522.8 199 1.139867695313107
37526.8 201 1.139867695313107
37530.8 201 1.139867695313107
37534.8 200 1.139867695313107
37538.8 199 1.139867695313107
37542.8 201 1.139867695313107
37546.8 200 1.139867695313107
37550.8 200 1.139867695313107
37554.8 199 1.139867695313107
37558.8 198 1.139867695313107
37562.8 199 1.139867695313107
37566.8 199 1.139867695313107
37570.8 201 1.139867695313107
37574.8 200 1.139867695313107
37578.8 200 1.139867695313107
37582.8 198 1.139867695313107
37586.8 200 1.139867695313107
37590.8 199 1.139867695313107
37594.8 198 1.139867695313107
37598.8 201 1.139867695313107
37602.8 200 1.139867695313107
37606.8 201 1.139867695313107
37610.8 199 1.139867695313107
37614.8 199 1.139867695313107
37618.8 197 1.139867695313107
37622.8 200 1.139867695313107
37626.8 199 1.139867695313107
37630.8 199 1.139867695313107
37634.8 198 1.139867695313107
37638.8 200 1.139867695313107
37642.8 199 1.139867695313107
37646.8 200 1.139867695313107
37650.8 199 1.139867695313107
37654.8 201 1.139867695313107
37658.8 199 1.139867695313107
37662.8 199 1.139867695313107
37666.8 199 1.139867695313107
37670.8 199 1.139867695313107
37674.8 200 1.139867695313107
37678.8 198 1.139867695313107
37682.8 200 1.139867695313107
37686.8 201 1.139867695313107
37690.8 198 1.139867695313107
37694.8 201 1.139867695313107
37698.8 200 1.139867695313107
37702.8 200 1.139867695313107
37706.8 201 1.139867695313107
37710.8 200 1.139867695313107
37714.8 199 1.139867695313107
37718.8 199 1.139867695313107
37722.8 199 1.139867695313107
37726.8 199 1.139867695313107
37730.8 198 1.139867695313107
37734.8 199 1.139867695313107
37738.8 200 1.139867695313107
37742.8 200 1.139867695313107
37746.8 200 1.139867695313107
37750.8 200 1.139867695313107
37754.8 199 1.139867695313107
37758.8 199 1.139867695313107
37762.8 201 1.139867695313107
37766.8 201 1.139867695313107
37770.8 199 1.139867695313107
37774.8 199 1.139867695313107
37778.8 200 1.139867695313107
37782.8 200 1.139867695313107
37786.8 200 1.139867695313107
37790.8 200 1.139867695313107
37794.8 201 1.139867695313107
37798.8 199 1.139867695313107
37802.8 199 1.139867695313107
37806.8 199 1.139867695313107
37810.8 199 1.139867695313107
37814.8 199 1.139867695313107
37818.8 199 1.139867695313107
37822.8 199 1.139867695313107
37826.8 200 1.139867695313107
37830.8 198 1.139867695313107
37834.8 198 1.139867695313107
37838.8 199 1.139867695313107
37842.8 198 1.139867695313107
37846.8 200 1.139867695313107
37850.8 201 1.139867695313107
37854.8 198 1.139867695313107
37858.8 199 1.139867695313107
37862.8 200 1.139867695313107
37866.8 200 1.139867695313107
37870.8 199 1.139867695313107
37874.8 200 1.139867695313107
37878.8 199 1.139867695313107
37882.8 200 1.139867695313107
37886.8 200 1.139867695313107
37890.8 199 1.139867695313107
37894.8 199 1.139867695313107
37898.8 199 1.139867695313107
37902.8 200 1.139867695313107
37906.8 199 1.139867695313107
37910.8 199 1.139867695313107
37914.8 200 1.139867695313107
37918.8 199 1.139867695313107
37922.8 199 1.139867695313107
37926.8 199 1.139867695313107
37930.8 199 1.139867695313107
37934.8 199 1.139867695313107
37938.8 200 1.139867695313107
37942.8 200 1.139867695313107
37946.8 200 1.139867695313107
37950.8 200 1.139867695313107
37954.8 200 1.139867695313107
37958.8 200 1.139867695313107
37962.8 200 1.139867695313107
37966.8 200 1.139867695313107
37970.8 200 1.139867695313107
37974.8 200 1.139867695313107
37978.8 200 1.139867695313107
37982.8 198 1.139867695313107
37986.8 201 1.139867695313107
37990.8 200 1.139867695313107
37994.8 199 1.139867695313107
37998.8 201 1.139867695313107
38002.8 199 1.139867695313107
38006.8 199 1.139867695313107
38010.8 199 1.139867695313107
38014.8 201 1.139867695313107
38018.8 200 1.139867695313107
38022.8 199 1.139867695313107
38026.8 200 1.139867695313107
38030.8 200 1.139867695313107
38034.8 199 1.139867695313107
38038.8 200 1.139867695313107
38042.8 199 1.139867695313107
38046.8 199 1.139867695313107
38050.8 198 1.139867695313107
38054.8 202 1.139867695313107
38058.8 200 1.139867695313107
38062.8 200 1.139867695313107
38066.8 201 1.139867695313107
38070.8 199 1.139867695313107
38074.8 199 1.139867695313107
38078.8 198 1.139867695313107
38082.8 199 1.139867695313107
38086.8 201 1.139867695313107
38090.8 199 1.139867695313107
38094.8 199 1.139867695313107
38098.8 199 1.139867695313107
38102.8 201 1.139867695313107
38106.8 199 1.139867695313107
38110.8 199 1.139867695313107
38114.8 198 1.139867695313107
38118.8 199 1.139867695313107
38122.8 200 1.139867695313107
38126.8 198 1.139867695313107
38130.8 200 1.139867695313107
38134.8 199 1.139867695313107
38138.8 198 1.139867695313107
38142.8 200 1.139867695313107
38146.8 201 1.139867695313107
38150.8 200 1.139867695313107
38154.8 199 1.139867695313107
38158.8 198 1.139867695313107
38162.8 200 1.139867695313107
38166.8 200 1.139867695313107
38170.8 200 1.139867695313107
38174.8 199 1.139867695313107
38178.8 199 1.139867695313107
38182.8 201 1.139867695313107
38186.8 200 1.139867695313107
38190.8 201 1.139867695313107
38194.8 199 1.139867695313107
38198.8 199 1.139867695313107
38202.8 199 1.139867695313107
38206.8 199 1.139867695313107
38210.8 201 1.139867695313107
38214.8 199 1.139867695313107
38218.8 200 1.139867695313107
38222.8 200 1.139867695313107
38226.8 199 1.139867695313107
38230.8 199 1.139867695313107
38234.8 200 1.139867695313107
38238.8 200 1.139867695313107
38242.8 200 1.139867695313107
38246.8 199 1.139867695313107
38250.8 200 1.139867695313107
38254.8 200 1.139867695313107
38258.8 199 1.139867695313107
38262.8 200 1.139867695313107
38266.8 199 1.139867695313107
38270.8 200 1.139867695313107
38274.8 198 1.139867695313107
38278.8 201 1.139867695313107
38282.8 199 1.139867695313107
38286.8 201 1.139867695313107
38290.8 199 1.139867695313107
38294.8 200 1.139867695313107
38298.8 199 1.139867695313107
38302.8 200 1.139867695313107
38306.8 200 1.139867695313107
38310.8 199 1.139867695313107
38314.8 199 1.139867695313107
38318.8 200 1.139867695313107
38322.8 199 1.139867695313107
38326.8 200 1.139867695313107
38330.8 198 1.139867695313107
38334.8 199 1.139867695313107
38338.8 200 1.139867695313107
38342.8 200 1.139867695313107
38346.8 200 1.139867695313107
38350.8 199 1.139867695313107
38354.8 199 1.139867695313107
38358.8 200 1.139867695313107
38362.8 199 1.139867695313107
38366.8 201 1.139867695313107
38370.8 200 1.139867695313107
38374.8 199 1.139867695313107
38378.8 199 1.139867695313107
38382.8 199 1.139867695313107
38386.8 200 1.139867695313107
38390.8 200 1.139867695313107
38394.8 199 1.139867695313107
38398.8 200 1.139867695313107
38402.8 199 1.139867695313107
38406.8 200 1.139867695313107
38410.8 199 1.139867695313107
38414.8 199 1.139867695313107
38418.8 199 1.139867695313107
38422.8 200 1.139867695313107
38426.8 200 1.139867695313107
38430.8 199 1.139867695313107
38434.8 200 1.139867695313107
38438.8 199 1.139867695313107
38442.8 199 1.139867695313107
38446.8 198 1.139867695313107
38450.8 200 1.139867695313107
38454.8 199 1.139867695313107
38458.8 200 1.139867695313107
38462.8 200 1.139867695313107
38466.8 200 1.139867695313107
38470.8 199 1.139867695313107
38474.8 200 1.139867695313107
38478.8 199 1.139867695313107
38482.8 199 1.139867695313107
38486.8 199 1.139867695313107
38490.8 200 1.139867695313107
38494.8 199 1.139867695313107
38498.8 200 1.139867695313107
38502.8 200 1.139867695313107
38506.8 199 1.139867695313107
38510.8 200 1.139867695313107
38514.8 200 1.139867695313107
38518.8 199 1.139867695313107
38522.8 200 1.139867695313107
38526.8 200 1.139867695313107
38530.8 199 1.139867695313107
38534.8 199 1.139867695313107
38538.8 199 1.139867695313107
38542.8 200 1.139867695313107
38546.8 201 1.139867695313107
38550.8 199 1.139867695313107
38554.8 199 1.139867695313107
38558.8 198 1.139867695313107
38562.8 200 1.139867695313107
38566.8 199 1.139867695313107
38570.8 199 1.139867695313107
38574.8 199 1.139867695313107
38578.8 200 1.139867695313107
38582.8 200 1.139867695313107
38586.8 199 1.139867695313107
38590.8 199 1.139867695313107
38594.8 199 1.139867695313107
38598.8 200 1.139867695313107
38602.8 199 1.139867695313107
38606.8 200 1.139867695313107
38610.8 201 1.139867695313107
38614.8 200 1.139867695313107
38618.8 199 1.139867695313107
38622.8 200 1.139867695313107
38626.8 199 1.139867695313107
38630.8 199 1.139867695313107
38634.8 199 1.139867695313107
38638.8 200 1.139867695313107
38642.8 199 1.139867695313107
38646.8 199 1.139867695313107
38650.8 199 1.139867695313107
38654.8 200 1.139867695313107
38658.8 198 1.139867695313107
38662.8 200 1.139867695313107
38666.8 201 1.139867695313107
38670.8 198 1.139867695313107
38674.8 199 1.139867695313107
38678.8 199 1.139867695313107
38682.8 198 1.139867695313107
38686.8 200 1.139867695313107
38690.8 199 1.139867695313107
38694.8 198 1.139867695313107
38698.8 200 1.139867695313107
38702.8 200 1.139867695313107
38706.8 200 1.139867695313107
38710.8 198 1.139867695313107
38714.8 200 1.139867695313107
38718.8 199 1.139867695313107
38722.8 201 1.139867695313107
38726.8 199 1.139867695313107
38730.8 199 1.139867695313107
38734.8 198 1.139867695313107
38738.8 199 1.139867695313107
38742.8 199 1.139867695313107
38746.8 198 1.139867695313107
38750.8 199 1.139867695313107
38754.8 199 1.139867695313107
38758.8 199 1.139867695313107
38762.8 200 1.139867695313107
38766.8 199 1.139867695313107
38770.8 199 1.139867695313107
38774.8 200 1.139867695313107
38778.8 200 1.139867695313107
38782.8 200 1.139867695313107
38786.8 200 1.139867695313107
38790.8 199 1.139867695313107
38794.8 199 1.139867695313107
38798.8 199 1.139867695313107
38802.8 200 1.139867695313107
38806.8 201 1.139867695313107
38810.8 200 1.139867695313107
38814.8 200 1.139867695313107
38818.8 200 1.139867695313107
38822.8 200 1.139867695313107
38826.8 200 1.139867695313107
38830.8 199 1.139867695313107
38834.8 200 1.139867695313107
38838.8 199 1.139867695313107
38842.8 198 1.139867695313107
38846.8 199 1.139867695313107
38850.8 199 1.139867695313107
38854.8 200 1.139867695313107
38858.8 200 1.139867695313107
38862.8 199 1.139867695313107
38866.8 202 1.139867695313107
38870.8 201 1.139867695313107
38874.8 199 1.139867695313107
38878.8 200 1.139867695313107
38882.8 199 1.139867695313107
38886.8 200 1.139867695313107
38890.8 199 1.139867695313107
38894.8 198 1.139867695313107
38898.8 198 1.139867695313107
38902.8 198 1.139867695313107
38906.8 199 1.139867695313107
38910.8 199 1.139867695313107
38914.8 199 1.139867695313107
38918.8 201 1.139867695313107
38922.8 199 1.139867695313107
38926.8 200 1.139867695313107
38930.8 199 1.139867695313107
38934.8 200 1.139867695313107
38938.8 198 1.139867695313107
38942.8 200 1.139867695313107
38946.8 199 1.139867695313107
38950.8 199 1.139867695313107
38954.8 200 1.139867695313107
38958.8 199 1.139867695313107
38962.8 201 1.139867695313107
38966.8 201 1.139867695313107
38970.8 199 1.139867695313107
38974.8 200 1.139867695313107
38978.8 199 1.139867695313107
38982.8 200 1.139867695313107
38986.8 199 1.139867695313107
38990.8 200 1.139867695313107
38994.8 200 1.139867695313107
38998.8 199 1.139867695313107
39002.8 200 1.139867695313107
39006.8 199 1.139867695313107
39010.8 200 1.139867695313107
39014.8 199 1.139867695313107
39018.8 200 1.139867695313107
39022.8 200 1.139867695313107
39026.8 199 1.139867695313107
39030.8 201 1.139867695313107
39034.8 200 1.139867695313107
39038.8 198 1.139867695313107
39042.8 199 1.139867695313107
39046.8 201 1.139867695313107
39050.8 201 1.139867695313107
39054.8 198 1.139867695313107
39058.8 201 1.139867695313107
39062.8 198 1.139867695313107
39066.8 199 1.139867695313107
39070.8 199 1.139867695313107
39074.8 200 1.139867695313107
39078.8 200 1.139867695313107
39082.8 201 1.139867695313107
39086.8 200 1.139867695313107
39090.8 201 1.139867695313107
39094.8 199 1.139867695313107
39098.8 198 1.139867695313107
39102.8 199 1.139867695313107
39106.8 199 1.139867695313107
39110.8 199 1.139867695313107
39114.8 200 1.139867695313107
39118.8 199 1.139867695313107
39122.8 199 1.139867695313107
39126.8 201 1.139867695313107
39130.8 200 1.139867695313107
39134.8 199 1.139867695313107
39138.8 199 1.139867695313107
39142.8 200 1.139867695313107
39146.8 200 1.139867695313107
39150.8 200 1.139867695313107
39154.8 199 1.139867695313107
39158.8 199 1.139867695313107
39162.8 200 1.139867695313107
39166.8 200 1.139867695313107
39170.8 202 1.139867695313107
39174.8 200 1.139867695313107
39178.8 200 1.139867695313107
39182.8 199 1.139867695313107
39186.8 200 1.139867695313107
39190.8 199 1.139867695313107
39194.8 199 1.139867695313107
39198.8 200 1.139867695313107
39202.8 200 1.139867695313107
39206.8 199 1.139867695313107
39210.8 199 1.139867695313107
39214.8 200 1.139867695313107
39218.8 199 1.139867695313107
39222.8 200 1.139867695313107
39226.8 200 1.139867695313107
39230.8 200 1.139867695313107
39234.8 201 1.139867695313107
39238.8 201 1.139867695313107
39242.8 200 1.139867695313107
39246.8 199 1.139867695313107
39250.8 199 1.139867695313107
39254.8 198 1.139867695313107
39258.8 200 1.139867695313107
39262.8 199 1.139867695313107
39266.8 199 1.139867695313107
39270.8 200 1.139867695313107
39274.8 200 1.139867695313107
39278.8 200 1.139867695313107
39282.8 199 1.139867695313107
39286.8 200 1.139867695313107
39290.8 199 1.139867695313107
39294.8 200 1.139867695313107
39298.8 201 1.139867695313107
39302.8 200 1.139867695313107
39306.8 198 1.139867695313107
39310.8 199 1.139867695313107
39314.8 200 1.139867695313107
39318.8 200 1.139867695313107
39322.8 200 1.139867695313107
39326.8 198 1.139867695313107
39330.8 199 1.139867695313107
39334.8 198 1.139867695313107
39338.8 200 1.139867695313107
39342.8 201 1.139867695313107
39346.8 199 1.139867695313107
39350.8 199 1.139867695313107
39354.8 199 1.139867695313107
39358.8 202 1.139867695313107
39362.8 199 1.139867695313107
39366.8 200 1.139867695313107
39370.8 199 1.139867695313107
39374.8 199 1.139867695313107
39378.8 200 1.139867695313107
39382.8 200 1.139867695313107
39386.8 199 1.139867695313107
39390.8 200 1.139867695313107
39394.8 200 1.139867695313107
39398.8 199 1.139867695313107
39402.8 200 1.139867695313107
39406.8 199 1.139867695313107
39410.8 199 1.139867695313107
39414.8 199 1.139867695313107
39418.8 199 1.139867695313107
39422.8 200 1.139867695313107
39426.8 199 1.139867695313107
39430.8 199 1.139867695313107
39434.8 199 1.139867695313107
39438.8 199 1.139867695313107
39442.8 200 1.139867695313107
39446.8 199 1.139867695313107
39450.8 200 1.139867695313107
39454.8 200 1.139867695313107
39458.8 199 1.139867695313107
39462.8 200 1.139867695313107
39466.8 199 1.139867695313107
39470.8 201 1.139867695313107
39474.8 199 1.139867695313107
39478.8 199 1.139867695313107
39482.8 199 1.139867695313107
39486.8 200 1.139867695313107
39490.8 199 1.139867695313107
39494.8 200 1.139867695313107
39498.8 200 1.139867695313107
39502.8 201 1.139867695313107
39506.8 199 1.139867695313107
39510.8 199 1.139867695313107
39514.8 200 1.139867695313107
39518.8 200 1.139867695313107
39522.8 200 1.139867695313107
39526.8 198 1.139867695313107
39530.8 200 1.139867695313107
39534.8 200 1.139867695313107
39538.8 199 1.139867695313107
39542.8 200 1.139867695313107
39546.8 199 1.139867695313107
39550.8 200 1.139867695313107
39554.8 199 1.139867695313107
39558.8 199 1.139867695313107
39562.8 199 1.139867695313107
39566.8 199 1.139867695313107
39570.8 199 1.139867695313107
39574.8 200 1.139867695313107
39578.8 200 1.139867695313107
39582.8 199 1.139867695313107
39586.8 200 1.139867695313107
39590.8 199 1.139867695313107
39594.8 198 1.139867695313107
39598.8 199 1.139867695313107
39602.8 200 1.139867695313107
39606.8 202 1.139867695313107
39610.8 200 1.139867695313107
39614.8 199 1.139867695313107
39618.8 200 1.139867695313107
39622.8 200 1.139867695313107
39626.8 199 1.139867695313107
39630.8 200 1.139867695313107
39634.8 199 1.139867695313107
39638.8 198 1.139867695313107
39642.8 199 1.139867695313107
39646.8 200 1.139867695313107
39650.8 199 1.139867695313107
39654.8 199 1.139867695313107
39658.8 200 1.139867695313107
39662.8 200 1.139867695313107
39666.8 199 1.139867695313107
39670.8 199 1.139867695313107
39674.8 200 1.139867695313107
39678.8 199 1.139867695313107
39682.8 200 1.139867695313107
39686.8 199 1.139867695313107
39690.8 200 1.139867695313107
39694.8 200 1.139867695313107
39698.8 199 1.139867695313107
39702.8 200 1.139867695313107
39706.8 200 1.139867695313107
39710.8 199 1.139867695313107
39714.8 199 1.139867695313107
39718.8 201 1.139867695313107
39722.8 200 1.139867695313107
39726.8 200 1.139867695313107
39730.8 198 1.139867695313107
39734.8 200 1.139867695313107
39738.8 199 1.139867695313107
39742.8 200 1.139867695313107
39746.8 200 1.139867695313107
39750.8 199 1.139867695313107
39754.8 200 1.139867695313107
39758.8 200 1.139867695313107
39762.8 199 1.139867695313107
39766.8 200 1.139867695313107
39770.8 199 1.139867695313107
39774.8 199 1.139867695313107
39778.8 200 1.139867695313107
39782.8 200 1.139867695313107
39786.8 199 1.139867695313107
39790.8 198 1.139867695313107
39794.8 198 1.139867695313107
39798.8 199 1.139867695313107
39802.8 199 1.139867695313107
39806.8 199 1.139867695313107
39810.8 201 1.139867695313107
39814.8 201 1.139867695313107
39818.8 199 1.139867695313107
39822.8 200 1.139867695313107
39826.8 199 1.139867695313107
39830.8 199 1.139867695313107
39834.8 199 1.139867695313107
39838.8 198 1.139867695313107
39842.8 200 1.139867695313107
39846.8 199 1.139867695313107
39850.8 200 1.139867695313107
39854.8 201 1.139867695313107
39858.8 199 1.139867695313107
39862.8 200 1.139867695313107
39866.8 199 1.139867695313107
39870.8 198 1.139867695313107
39874.8 199 1.139867695313107
39878.8 200 1.139867695313107
39882.8 199 1.139867695313107
39886.8 201 1.139867695313107
39890.8 198 1.139867695313107
39894.8 200 1.139867695313107
39898.8 198 1.139867695313107
39902.8 199 1.139867695313107
39906.8 200 1.139867695313107
39910.8 200 1.139867695313107
39914.8 199 1.139867695313107
39918.8 201 1.139867695313107
39922.8 200 1.139867695313107
39926.8 201 1.139867695313107
39930.8 198 1.139867695313107
39934.8 200 1.139867695313107
39938.8 200 1.139867695313107
39942.8 199 1.139867695313107
39946.8 201 1.139867695313107
39950.8 201 1.139867695313107
39954.8 200 1.139867695313107
39958.8 199 1.139867695313107
39962.8 199 1.139867695313107
39966.8 198 1.139867695313107
39970.8 200 1.139867695313107
39974.8 199 1.139867695313107
39978.8 200 1.139867695313107
39982.8 199 1.139867695313107
39986.8 200 1.139867695313107
39990.8 199 1.139867695313107
39994.8 199 1.139867695313107
39998.8 199 1.139867695313107
40002.8 200 1.139867695313107
40006.8 199 1.139867695313107
40010.8 199 1.139867695313107
40014.8 202 1.139867695313107
40018.8 199 1.139867695313107
40022.8 199 1.139867695313107
40026.8 199 1.139867695313107
40030.8 200 1.139867695313107
40034.8 199 1.139867695313107
40038.8 199 1.139867695313107
40042.8 198 1.139867695313107
40046.8 200 1.139867695313107
40050.8 200 1.139867695313107
40054.8 200 1.139867695313107
40058.8 200 1.139867695313107
40062.8 199 1.139867695313107
40066.8 200 1.139867695313107
40070.8 199 1.139867695313107
40074.8 199 1.139867695313107
40078.8 199 1.139867695313107
40082.8 200 1.139867695313107
40086.8 198 1.139867695313107
40090.8 200 1.139867695313107
40094.8 200 1.139867695313107
40098.8 200 1.139867695313107
40102.8 200 1.139867695313107
40106.8 200 1.139867695313107
40110.8 200 1.139867695313107
40114.8 200 1.139867695313107
40118.8 199 1.139867695313107
40122.8 200 1.139867695313107
40126.8 199 1.139867695313107
40130.8 200 1.139867695313107
40134.8 199 1.139867695313107
40138.8 198 1.139867695313107
40142.8 200 1.139867695313107
40146.8 200 1.139867695313107
40150.8 198 1.139867695313107
40154.8 199 1.139867695313107
40158.8 201 1.139867695313107
40162.8 200 1.139867695313107
40166.8 200 1.139867695313107
40170.8 201 1.139867695313107
40174.8 198 1.139867695313107
40178.8 199 1.139867695313107
40182.8 200 1.139867695313107
40186.8 199 1.139867695313107
40190.8 199 1.139867695313107
40194.8 200 1.139867695313107
40198.8 201 1.139867695313107
40202.8 197 1.139867695313107
40206.8 199 1.139867695313107
40210.8 200 1.139867695313107
40214.8 199 1.139867695313107
40218.8 198 1.139867695313107
40222.8 201 1.139867695313107
40226.8 199 1.139867695313107
40230.8 200 1.139867695313107
40234.8 198 1.139867695313107
40238.8 199 1.139867695313107
40242.8 201 1.139867695313107
40246.8 199 1.139867695313107
40250.8 199 1.139867695313107
40254.8 199 1.139867695313107
40258.8 200 1.139867695313107
40262.8 199 1.139867695313107
40266.8 198 1.139867695313107
40270.8 201 1.139867695313107
40274.8 199 1.139867695313107
40278.8 200 1.139867695313107
40282.8 199 1.139867695313107
40286.8 200 1.139867695313107
40290.8 199 1.139867695313107
40294.8 201 1.139867695313107
40298.8 200 1.139867695313107
40302.8 199 1.139867695313107
40306.8 200 1.139867695313107
40310.8 200 1.139867695313107
40314.8 201 1.139867695313107
40318.8 199 1.139867695313107
40322.8 201 1.139867695313107
40326.8 199 1.139867695313107
40330.8 199 1.139867695313107
40334.8 199 1.139867695313107
40338.8 200 1.139867695313107
40342.8 200 1.139867695313107
40346.8 199 1.139867695313107
40350.8 200 1.139867695313107
40354.8 200 1.139867695313107
40358.8 199 1.139867695313107
40362.8 198 1.139867695313107
40366.8 200 1.139867695313107
40370.8 200 1.139867695313107
40374.8 200 1.139867695313107
40378.8 199 1.139867695313107
40382.8 200 1.139867695313107
40386.8 201 1.139867695313107
40390.8 201 1.139867695313107
40394.8 200 1.139867695313107
40398.8 199 1.139867695313107
40402.8 199 1.139867695313107
40406.8 200 1.139867695313107
40410.8 199 1.139867695313107
40414.8 200 1.139867695313107
40418.8 199 1.139867695313107
40422.8 200 1.139867695313107
40426.8 200 1.139867695313107
40430.8 200 1.139867695313107
40434.8 199 1.139867695313107
40438.8 199 1.139867695313107
40442.8 199 1.139867695313107
40446.8 201 1.139867695313107
40450.8 200 1.139867695313107
40454.8 199 1.139867695313107
40458.8 200 1.139867695313107
40462.8 199 1.139867695313107
40466.8 200 1.139867695313107
40470.8 199 1.139867695313107
40474.8 200 1.139867695313107
40478.8 199 1.139867695313107
40482.8 200 1.139867695313107
40486.8 199 1.139867695313107
40490.8 199 1.139867695313107
40494.8 199 1.139867695313107
40498.8 200 1.139867695313107
40502.8 200 1.139867695313107
40506.8 198 1.139867695313107
40510.8 200 1.139867695313107
40514.8 199 1.139867695313107
40518.8 199 1.139867695313107
40522.8 201 1.139867695313107
40526.8 199 1.139867695313107
40530.8 201 1.139867695313107
40534.8 200 1.139867695313107
40538.8 199 1.139867695313107
40542.8 199 1.139867695313107
40546.8 199 1.139867695313107
40550.8 200 1.139867695313107
40554.8 201 1.139867695313107
40558.8 198 1.139867695313107
40562.8 200 1.139867695313107
40566.8 199 1.139867695313107
40570.8 199 1.139867695313107
40574.8 198 1.139867695313107
40578.8 199 1.139867695313107
40582.8 201 1.139867695313107
40586.8 197 1.139867695313107
40590.8 200 1.139867695313107
40594.8 199 1.139867695313107
40598.8 200 1.139867695313107
40602.8 200 1.139867695313107
40606.8 200 1.139867695313107
40610.8 199 1.139867695313107
40614.8 201 1.139867695313107
40618.8 199 1.139867695313107
40622.8 200 1.139867695313107
40626.8 200 1.139867695313107
40630.8 200 1.139867695313107
40634.8 199 1.139867695313107
40638.8 198 1.139867695313107
40642.8 199 1.139867695313107
40646.8 199 1.139867695313107
40650.8 199 1.139867695313107
40654.8 200 1.139867695313107
40658.8 200 1.139867695313107
40662.8 199 1.139867695313107
40666.8 201 1.139867695313107
40670.8 200 1.139867695313107
40674.8 199 1.139867695313107
40678.8 200 1.139867695313107
40682.8 199 1.139867695313107
40686.8 199 1.139867695313107
40690.8 199 1.139867695313107
40694.8 198 1.139867695313107
40698.8 200 1.139867695313107
40702.8 199 1.139867695313107
40706.8 201 1.139867695313107
40710.8 200 1.139867695313107
40714.8 200 1.139867695313107
40718.8 200 1.139867695313107
40722.8 199 1.139867695313107
40726.8 199 1.139867695313107
40730.8 199 1.139867695313107
40734.8 200 1.139867695313107
40738.8 200 1.139867695313107
40742.8 199 1.139867695313107
40746.8 201 1.139867695313107
40750.8 200 1.139867695313107
40754.8 199 1.139867695313107
40758.8 202 1.139867695313107
40762.8 200 1.139867695313107
40766.8 200 1.139867695313107
40770.8 199 1.139867695313107
40774.8 200 1.139867695313107
40778.8 199 1.139867695313107
40782.8 200 1.139867695313107
40786.8 198 1.139867695313107
40790.8 199 1.139867695313107
40794.8 200 1.139867695313107
40798.8 200 1.139867695313107
40802.8 200 1.139867695313107
40806.8 200 1.139867695313107
40810.8 200 1.139867695313107
40814.8 199 1.139867695313107
40818.8 200 1.139867695313107
40822.8 200 1.139867695313107
40826.8 200 1.139867695313107
40830.8 199 1.139867695313107
40834.8 201 1.139867695313107
40838.8 199 1.139867695313107
40842.8 199 1.139867695313107
40846.8 201 1.139867695313107
40850.8 200 1.139867695313107
40854.8 199 1.139867695313107
40858.8 200 1.139867695313107
40862.8 200 1.139867695313107
40866.8 201 1.139867695313107
40870.8 199 1.139867695313107
40874.8 200 1.139867695313107
40878.8 200 1.139867695313107
40882.8 201 1.139867695313107
40886.8 201 1.139867695313107
40890.8 200 1.139867695313107
40894.8 200 1.139867695313107
40898.8 200 1.139867695313107
40902.8 200 1.139867695313107
40906.8 198 1.139867695313107
40910.8 199 1.139867695313107
40914.8 200 1.139867695313107
40918.8 198 1.139867695313107
40922.8 200 1.139867695313107
40926.8 199 1.139867695313107
40930.8 199 1.139867695313107
40934.8 199 1.139867695313107
40938.8 199 1.139867695313107
40942.8 200 1.139867695313107
40946.8 201 1.139867695313107
40950.8 198 1.139867695313107
40954.8 200 1.139867695313107
40958.8 200 1.139867695313107
40962.8 200 1.139867695313107
40966.8 199 1.139867695313107
40970.8 200 1.139867695313107
40974.8 199 1.139867695313107
40978.8 199 1.139867695313107
40982.8 199 1.139867695313107
40986.8 199 1.139867695313107
40990.8 200 1.139867695313107
40994.8 199 1.139867695313107
40998.8 200 1.139867695313107
41002.8 198 1.139867695313107
41006.8 199 1.139867695313107
41010.8 199 1.139867695313107
41014.8 199 1.139867695313107
41018.8 200 1.139867695313107
41022.8 199 1.139867695313107
41026.8 199 1.139867695313107
41030.8 200 1.139867695313107
41034.8 200 1.139867695313107
41038.8 200 1.139867695313107
41042.8 200 1.139867695313107
41046.8 201 1.139867695313107
41050.8 199 1.139867695313107
41054.8 200 1.139867695313107
41058.8 200 1.139867695313107
41062.8 201 1.139867695313107
41066.8 200 1.139867695313107
41070.8 199 1.139867695313107
41074.8 200 1.139867695313107
41078.8 199 1.139867695313107
41082.8 198 1.139867695313107
41086.8 198 1.139867695313107
41090.8 201 1.139867695313107
41094.8 199 1.139867695313107
41098.8 198 1.139867695313107
41102.8 200 1.139867695313107
41106.8 199 1.139867695313107
41110.8 200 1.139867695313107
41114.8 199 1.139867695313107
41118.8 199 1.139867695313107
41122.8 199 1.139867695313107
41126.8 199 1.139867695313107
41130.8 198 1.139867695313107
41134.8 200 1.139867695313107
41138.8 199 1.139867695313107
41142.8 199 1.139867695313107
41146.8 200 1.139867695313107
41150.8 200 1.139867695313107
41154.8 199 1.139867695313107
41158.8 199 1.139867695313107
41162.8 200 1.139867695313107
41166.8 201 1.139867695313107
41170.8 200 1.139867695313107
41174.8 200 1.139867695313107
41178.8 201 1.139867695313107
41182.8 199 1.139867695313107
41186.8 200 1.139867695313107
41190.8 199 1.139867695313107
41194.8 199 1.139867695313107
41198.8 199 1.139867695313107
41202.8 200 1.139867695313107
41206.8 198 1.139867695313107
41210.8 199 1.139867695313107
41214.8 199 1.139867695313107
41218.8 200 1.139867695313107
41222.8 199 1.139867695313107
41226.8 198 1.139867695313107
41230.8 199 1.139867695313107
41234.8 199 1.139867695313107
41238.8 200 1.139867695313107
41242.8 200 1.139867695313107
41246.8 199 1.139867695313107
41250.8 200 1.139867695313107
41254.8 199 1.139867695313107
41258.8 200 1.139867695313107
41262.8 200 1.139867695313107
41266.8 200 1.139867695313107
41270.8 199 1.139867695313107
41274.8 197 1.139867695313107
41278.8 201 1.139867695313107
41282.8 200 1.139867695313107
41286.8 201 1.139867695313107
41290.8 201 1.139867695313107
41294.8 200 1.139867695313107
41298.8 201 1.139867695313107
41302.8 198 1.139867695313107
41306.8 199 1.139867695313107
41310.8 201 1.139867695313107
41314.8 200 1.139867695313107
41318.8 199 1.139867695313107
41322.8 199 1.139867695313107
41326.8 199 1.139867695313107
41330.8 199 1.139867695313107
41334.8 200 1.139867695313107
41338.8 199 1.139867695313107
41342.8 199 1.139867695313107
41346.8 200 1.139867695313107
41350.8 200 1.139867695313107
41354.8 200 1.139867695313107
41358.8 199 1.139867695313107
41362.8 199 1.139867695313107
41366.8 200 1.139867695313107
41370.8 199 1.139867695313107
41374.8 198 1.139867695313107
41378.8 199 1.139867695313107
41382.8 199 1.139867695313107
41386.8 200 1.139867695313107
41390.8 198 1.139867695313107
41394.8 198 1.139867695313107
41398.8 200 1.139867695313107
41402.8 201 1.139867695313107
41406.8 198 1.139867695313107
41410.8 200 1.139867695313107
41414.8 201 1.139867695313107
41418.8 199 1.139867695313107
41422.8 200 1.139867695313107
41426.8 200 1.139867695313107
41430.8 200 1.139867695313107
41434.8 201 1.139867695313107
41438.8 200 1.139867695313107
41442.8 198 1.139867695313107
41446.8 200 1.139867695313107
41450.8 200 1.139867695313107
41454.8 199 1.139867695313107
41458.8 199 1.139867695313107
41462.8 199 1.139867695313107
41466.8 200 1.139867695313107
41470.8 201 1.139867695313107
41474.8 199 1.139867695313107
41478.8 200 1.139867695313107
41482.8 200 1.139867695313107
41486.8 199 1.139867695313107
41490.8 199 1.139867695313107
41494.8 200 1.139867695313107
41498.8 200 1.139867695313107
41502.8 201 1.139867695313107
41506.8 201 1.139867695313107
41510.8 198 1.139867695313107
41514.8 200 1.139867695313107
41518.8 199 1.139867695313107
41522.8 199 1.139867695313107
41526.8 201 1.139867695313107
41530.8 200 1.139867695313107
41534.8 201 1.139867695313107
41538.8 200 1.139867695313107
41542.8 200 1.139867695313107
41546.8 199 1.139867695313107
41550.8 200 1.139867695313107
41554.8 199 1.139867695313107
41558.8 199 1.139867695313107
41562.8 199 1.139867695313107
41566.8 199 1.139867695313107
41570.8 200 1.139867695313107
41574.8 200 1.139867695313107
41578.8 200 1.139867695313107
41582.8 200 1.139867695313107
41586.8 200 1.139867695313107
41590.8 200 1.139867695313107
41594.8 198 1.139867695313107
41598.8 200 1.139867695313107
41602.8 199 1.139867695313107
41606.8 199 1.139867695313107
41610.8 198 1.139867695313107
41614.8 199 1.139867695313107
41618.8 199 1.139867695313107
41622.8 199 1.139867695313107
41626.8 200 1.139867695313107
41630.8 201 1.139867695313107
41634.8 200 1.139867695313107
41638.8 198 1.139867695313107
41642.8 199 1.139867695313107
41646.8 201 1.139867695313107
41650.8 200 1.139867695313107
41654.8 201 1.139867695313107
41658.8 200 1.139867695313107
41662.8 199 1.139867695313107
41666.8 200 1.139867695313107
41670.8 199 1.139867695313107
41674.8 199 1.139867695313107
41678.8 199 1.139867695313107
41682.8 199 1.139867695313107
41686.8 200 1.139867695313107
41690.8 199 1.139867695313107
41694.8 199 1.139867695313107
41698.8 199 1.139867695313107
41702.8 200 1.139867695313107
41706.8 200 1.139867695313107
41710.8 199 1.139867695313107
41714.8 200 1.139867695313107
41718.8 200 1.139867695313107
41722.8 201 1.139867695313107
41726.8 200 1.139867695313107
41730.8 199 1.139867695313107
41734.8 199 1.139867695313107
41738.8 200 1.139867695313107
41742.8 199 1.139867695313107
41746.8 199 1.139867695313107
41750.8 200 1.139867695313107
41754.8 198 1.139867695313107
41758.8 198 1.139867695313107
41762.8 199 1.139867695313107
41766.8 199 1.139867695313107
41770.8 199 1.139867695313107
41774.8 201 1.139867695313107
41778.8 203 1.139867695313107
41782.8 203 1.139867695313107
41786.8 205 1.139867695313107
41790.8 202 1.139867695313107
41794.8 202 1.139867695313107
41798.8 200 1.139867695313107
